MEMORY
  total           14513 KB
  struct            158 KB
  buffer             19 KB
  arena           14336 KB, used 0.0%

SIZES
  narena                14680064
  nbuffer               19152
  nplugin               0
  maxuse_stack          984
  maxuse_arena          984
  maxuse_con            0
  maxuse_efc            0
  ncon                  0
  ne                    0
  nf                    0
  nl                    0
  nefc                  0
  nJ                    0
  efm_active            0
  nefmK                 0
  nefmdof               0
  nefmL                 0
  nY                    0
  nA                    0
  nisland               0
  nidof                 0
  ntree_awake           2
  nbody_awake           3
  nparent_awake         2
  nv_awake              12
  flg_energypos         0
  flg_energyvel         0
  flg_subtreevel        0
  flg_rnepost           1
  threadpool            0

TIMER
    0:  duration =  2.3e+03    number = 11728
    1:  duration =  2.1e+03    number = 11730
    2:  duration =  0          number = 0
    3:  duration =  1.3e+03    number = 11730
    4:  duration =  3.7e+02    number = 11730
    5:  duration =  1.2e+02    number = 11730
    6:  duration =  9          number = 11730
    7:  duration =  91         number = 11728
    8:  duration =  4.5e+02    number = 11730
    9:  duration =  1.4e+02    number = 11730
    10:  duration =  4.8e+02    number = 11730
    11:  duration =  1.3e+02    number = 11730
    12:  duration =  3.1        number = 11730
    13:  duration =  3.2e+02    number = 11730
    14:  duration =  1.2e+02    number = 11730

ENERGY =   0         0       

TIME =  1.2e+02 

QPOS
   0       
   0       
   0.3     
   1       
   0       
   0       
   0       
   2       
   2       
   0.3     
   1       
  -1.9e-14 
   7e-15   
  -7e-16   

QVEL
   0       
   0       
   0       
   0       
   0       
   0       
   1.3e-11 
   3.5e-11 
  -5.6e-29 
   1.7e-14 
  -2.2e-15 
   5.8e-16 

QACC_WARMSTART
   0       
   0       
   0       
   0       
   0       
   0       
   1.3e-13 
   3.8e-13 
   1.3e-28 
  -3.9e-14 
   4.9e-14 
  -1.3e-15 

CTRL
   3.2     
   3.2     
   3.2     
   3.2     
   3.2     
   3.2     
   3.2     
   3.2     

QFRC_APPLIED
   0       
   0       
   0       
   0       
   0       
   0       
   0       
   0       
   0       
   0       
   0       
   0       

XFRC_APPLIED
   0         0         0         0         0         0       
   0         0         0         0         0         0       
   0         0         0         0         0         0       

QACC
   0       
   0       
   0       
   0       
   0       
   0       
   1.3e-13 
   3.8e-13 
   1.3e-28 
  -3.9e-14 
   4.9e-14 
  -1.3e-15 

SENSOR
   0       
   0       
   0       
   0       
   0       
   9.8     
   0       
  -0.5     
   0       
   0       
   0       
   0.33    
   1       
   0       
   0       
   0       
   3.2     
   3.2     
   3.2     
   3.2     
   2       
   2       
   0.33    
   1       
  -2e-14   
   7e-15   
  -7.1e-16 

TREE_ASLEEP
  -11
  -11

XPOS
   0         0         0       
   0         0         0.3     
   2         2         0.3     

XQUAT
   1         0         0         0       
   1         0         0         0       
   1        -2e-14     7e-15    -7.1e-16 

XMAT
   1         0         0         0         1         0         0         0         1       
   1         0         0         0         1         0         0         0         1       
   1         1.4e-15   1.4e-14  -1.4e-15   1         3.9e-14  -1.4e-14  -3.9e-14   1       

XIPOS
   0         0         0       
   0         0         0.35    
   2         2         0.35    

XIMAT
   1         0         0         0         1         0         0         0         1       
  -0.087    -1         0         0         0        -1         1        -0.087     0       
  -0.087    -1        -1.4e-15   3.9e-14  -2e-15    -1         1        -0.087     3.9e-14 

XANCHOR
   0         0         0.3     
   2         2         0.3     

XAXIS
   0         0         1       
   0         0         1       

GEOM_XPOS
   0         0         0       
  -0.0041   -0.00026   0.36    
   0.04      0         0.32    
   0.04      0         0.36    
  -0.07      0         0.36    
  -0.14      0.008     0.36    
  -0.14     -0.18      0.35    
  -0.14      0.18      0.35    
   0.14      0.18      0.38    
   0.14     -0.18      0.38    
   0         0         0.32    
   2         2         0.36    
   2         2         0.32    
   2         2         0.36    
   1.9       2         0.37    
   1.9       2         0.37    
   1.9       1.8       0.35    
   1.9       2.2       0.35    
   2.1       2.2       0.38    
   2.1       1.8       0.38    
   2         2         0.32    

GEOM_XMAT
   1         0         0         0         1         0         0         0         1       
  -0.046     1        -0.0015    0.00063   0.0015    1         1         0.046    -0.0007  
   1         0         0         0         1         0         0         0         1       
   1         0         0         0         1         0         0         0         1       
   1         0         0         0         1         0         0         0         1       
   0        -1         0         1         0         0         0         0         1       
   1         0         0         0         1         0         0         0         1       
   1         0         0         0         1         0         0         0         1       
   1         0         0         0         1         0         0         0         1       
   1         0         0         0         1         0         0         0         1       
   1         0         0         0         1         0         0         0         1       
  -0.046     1        -0.0015    0.00063   0.0015    1         1         0.046    -0.0007  
   1         1.4e-15   1.4e-14  -1.4e-15   1         3.9e-14  -1.4e-14  -3.9e-14   1       
   1         1.4e-15   1.4e-14  -1.4e-15   1         3.9e-14  -1.4e-14  -3.9e-14   1       
   1         1.4e-15   1.4e-14  -1.4e-15   1         3.9e-14  -1.4e-14  -3.9e-14   1       
   1.6e-15  -1         1.4e-14   1         1.6e-15   3.9e-14  -3.9e-14   1.4e-14   1       
   1         1.4e-15   1.4e-14  -1.4e-15   1         3.9e-14  -1.4e-14  -3.9e-14   1       
   1         1.4e-15   1.4e-14  -1.4e-15   1         3.9e-14  -1.4e-14  -3.9e-14   1       
   1         1.4e-15   1.4e-14  -1.4e-15   1         3.9e-14  -1.4e-14  -3.9e-14   1       
   1         1.4e-15   1.4e-14  -1.4e-15   1         3.9e-14  -1.4e-14  -3.9e-14   1       
   1         1.4e-15   1.4e-14  -1.4e-15   1         3.9e-14  -1.4e-14  -3.9e-14   1       

SITE_XPOS
   0         0         0.32    
   0         0         0.33    
  -0.14     -0.18      0.35    
  -0.14      0.18      0.35    
   0.14      0.18      0.38    
   0.14     -0.18      0.38    
   2         2         0.32    
   2         2         0.33    
   1.9       1.8       0.35    
   1.9       2.2       0.35    
   2.1       2.2       0.38    
   2.1       1.8       0.38    

SITE_XMAT
   1         0         0         0         1         0         0         0         1       
   1         0         0         0         1         0         0         0         1       
   1         0         0         0         1         0         0         0         1       
   1         0         0         0         1         0         0         0         1       
   1         0         0         0         1         0         0         0         1       
   1         0         0         0         1         0         0         0         1       
   1         1.4e-15   1.4e-14  -1.4e-15   1         3.9e-14  -1.4e-14  -3.9e-14   1       
   1         1.4e-15   1.4e-14  -1.4e-15   1         3.9e-14  -1.4e-14  -3.9e-14   1       
   1         1.4e-15   1.4e-14  -1.4e-15   1         3.9e-14  -1.4e-14  -3.9e-14   1       
   1         1.4e-15   1.4e-14  -1.4e-15   1         3.9e-14  -1.4e-14  -3.9e-14   1       
   1         1.4e-15   1.4e-14  -1.4e-15   1         3.9e-14  -1.4e-14  -3.9e-14   1       
   1         1.4e-15   1.4e-14  -1.4e-15   1         3.9e-14  -1.4e-14  -3.9e-14   1       

CAM_XPOS
  -1         0         0.8     
   1         2         0.8     

CAM_XMAT
   0         0.45     -0.89     -1         0         0         0         0.89      0.45    
   0         0.45     -0.89     -1         0         0         0         0.89      0.45    

LIGHT_XPOS
   0         0         1.5     

LIGHT_XDIR
   0         0        -1       

SUBTREE_COM
   1         1         0.35    
   0         0         0.35    
   2         2         0.35    

CDOF
   0         0         0         1         0         0       
   0         0         0         0         1         0       
   0         0         0         0         0         1       
   1         0         0         0        -0.054     0       
   0         1         0         0.054     0         0       
   0         0         1         0         0         0       
   0         0         0         1         0         0       
   0         0         0         0         1         0       
   0         0         0         0         0         1       
   1        -1.4e-15  -1.4e-14  -7.6e-17  -0.054     2.2e-15 
   1.4e-15   1        -3.9e-14   0.054    -7.6e-17  -8.9e-16 
   1.4e-14   3.9e-14   1        -1.1e-16   1.3e-16  -3.7e-30 

CINERT
   0         0         0         0         0         0         0         0         0         0       
   0.037     0.025     0.061    -0        -0.0021    0         0         0         0         1.3     
   0.037     0.025     0.061    -9.9e-17  -0.0021    1.4e-15   0         0         0         1.3     

ACTUATOR_LENGTH
   0       
   0       
   0       
   0       
   0       
   0       
   0       
   0       

actuator_moment
--------------
   xxxx       |
   xxxx       |
   xxxx       |
   xxxx       |
       xxxxxx |
       xxxxxx |
       xxxxxx |
       xxxxxx |
--------------

ACTUATOR_MOMENT
     2:  1          3: -0.18       4:  0.14       5: -0.02    
     2:  1          3:  0.18       4:  0.14       5:  0.02    
     2:  1          3:  0.18       4: -0.14       5: -0.02    
     2:  1          3: -0.18       4: -0.14       5:  0.02    
     6:  1.4e-14    7:  3.9e-14    8:  1          9: -0.18      10:  0.14      11: -0.02    
     6:  1.4e-14    7:  3.9e-14    8:  1          9:  0.18      10:  0.14      11:  0.02    
     6:  1.4e-14    7:  3.9e-14    8:  1          9:  0.18      10: -0.14      11: -0.02    
     6:  1.4e-14    7:  3.9e-14    8:  1          9: -0.18      10: -0.14      11:  0.02    

CRB
   0         0         0         0         0         0         0         0         0         0       
   0.037     0.025     0.061    -0        -0.0021    0         0         0         0         1.3     
   0.037     0.025     0.061    -9.9e-17  -0.0021    1.4e-15   0         0         0         1.3     

M
     0:  1.3     
     0:  0          1:  1.3     
     0:  0          1:  0          2:  1.3     
     0:  0          1: -0.072      2:  0          3:  0.041   
     0:  0.072      1:  0          2:  0          3:  0          4:  0.029   
     0:  0          1:  0          2:  0          3: -0.0021     4:  0          5:  0.061   
     6:  1.3     
     6:  0          7:  1.3     
     6:  0          7:  0          8:  1.3     
     6: -1e-16      7: -0.072      8:  2.9e-15    9:  0.041   
     6:  0.072      7: -1e-16      8: -1.2e-15    9: -6.5e-19   10:  0.029   
     6: -1.4e-16    7:  1.8e-16    8: -5e-30      9: -0.0021    10: -7.7e-18   11:  0.061   

QLD
     0:  1.2     
     0:  0          1:  1.2     
     0:  0          1:  0          2:  1.3     
     0:  0          1: -1.8        2:  0          3:  0.04    
     0:  2.4        1:  0          2:  0          3:  0          4:  0.029   
     0:  0          1:  0          2:  0          3: -0.035      4:  0          5:  0.061   
     6:  1.2     
     6:  5.3e-17    7:  1.2     
     6:  2.2e-15    7:  3.9e-15    8:  1.3     
     6: -2.6e-15    7: -1.8        8:  7.3e-14    9:  0.04    
     6:  2.4        7: -3.5e-15    8: -4e-14      9: -3.1e-17   10:  0.029   
     6: -2.4e-15    7:  2.9e-15    8: -8.2e-29    9: -0.035     10: -1.3e-16   11:  0.061   

QLDIAGINV
   0.87    
   0.83    
   0.75    
   25      
   34      
   17      
   0.87    
   0.83    
   0.75    
   25      
   34      
   17      

TREE_AWAKE
  1 1

BODY_AWAKE
  -1 1 1

BODY_AWAKE_IND
  0 1 2

PARENT_AWAKE_IND
  1 2

DOF_AWAKE_IND
  0 1 2 3 4 5 6 7 8 9 10 11

ACTUATOR_VELOCITY
   0       
   0       
   0       
   0       
  -3.5e-15 
   2.7e-15 
   3.4e-15 
  -2.7e-15 

CVEL
   0         0         0         0         0         0       
   0         0         0         0         0         0       
   1.7e-14  -2.7e-15   5.9e-16   1.3e-11   3.5e-11  -1.7e-29 

CDOF_DOT
   0         0         0         0         0         0       
   0         0         0         0         0         0       
   0         0         0         0         0         0       
   0         0         0         0         0         0       
   0         0         0         0         0         0       
   0         0         0         0         0         0       
   0         0         0         0         0         0       
   0         0         0         0         0         0       
   0         0         0         0         0         0       
   0         0        -0        -4.8e-25   1.8e-25  -3.5e-11 
  -0         0         0        -1.4e-24   5e-25     1.3e-11 
   0         0         0         3.5e-11  -1.3e-11   1.3e-26 

QFRC_BIAS
   0       
   0       
   13      
   0       
   0       
   0       
   7.2e-31 
  -1.2e-31 
   13      
   2.9e-14 
  -1.2e-14 
  -4.8e-29 

QFRC_SPRING
   0       
   0       
   0       
   0       
   0       
   0       
   0       
   0       
   0       
   0       
   0       
   0       

QFRC_DAMPER
   0       
   0       
   0       
   0       
   0       
   0       
   0       
   0       
   0       
   0       
   0       
   0       

QFRC_GRAVCOMP
   0       
   0       
   0       
   0       
   0       
   0       
   0       
   0       
   0       
   0       
   0       
   0       

QFRC_FLUID
   0       
   0       
   0       
   0       
   0       
   0       
  -8e-16   
  -2.2e-15 
  -1.5e-25 
   1.2e-16 
  -4.3e-17 
  -1.7e-21 

QFRC_PASSIVE
   0       
   0       
   0       
   0       
   0       
   0       
  -8e-16   
  -2.2e-15 
  -1.5e-25 
   1.2e-16 
  -4.3e-17 
  -1.7e-21 

SUBTREE_LINVEL
   0         0         0       
   0         0         0       
   0         0         0       

SUBTREE_ANGMOM
   0         0         0       
   0         0         0       
   0         0         0       

ACTUATOR_FORCE
   3.2     
   3.2     
   3.2     
   3.2     
   3.2     
   3.2     
   3.2     
   3.2     

QFRC_ACTUATOR
   0       
   0       
   13      
   0       
   0       
   0       
   1.8e-13 
   5.1e-13 
   13      
   0       
  -5e-16   
   0       

QFRC_SMOOTH
   0       
   0       
   0       
   0       
   0       
   0       
   1.8e-13 
   5.1e-13 
   0       
  -2.9e-14 
   1.1e-14 
  -1.7e-21 

QACC_SMOOTH
   0       
   0       
   0       
   0       
   0       
   0       
   1.3e-13 
   3.8e-13 
   1.3e-28 
  -3.9e-14 
   4.9e-14 
  -1.3e-15 

QFRC_CONSTRAINT
   0       
   0       
   0       
   0       
   0       
   0       
   0       
   0       
   0       
   0       
   0       
   0       

QFRC_INVERSE
   0       
   0       
   0       
   0       
   0       
   0       
   0       
   0       
   0       
   0       
   0       
   0       

CACC
   0         0         0        -0        -0         9.8     
   0         0         0         0         0         9.8     
  -3.9e-14   4.9e-14  -1.3e-15   1.4e-13   3.8e-13   9.8     

CFRC_INT
  -1.4e-15   1.2e-15  -1.7e-21   1.8e-13   5.1e-13   26      
   0         0         0         0         0         13      
  -1.4e-15   1.2e-15  -1.7e-21   1.8e-13   5.1e-13   13      

CFRC_EXT
   0         0         0         0         0         0       
   0         0         0         0         0         0       
   0         0         0         0         0         0       

